881
0.5 0.1 0
0.5 0 0
-0.2 0.4 0
-0.3 0.4 0
-0.5 0.6 0
-0.4 0.6 0
-0.9 0.8 0
-2 0.8 0
-2.4 1 0
-2.3 1.2 0
-1.9 1.3 0
-1.1 1.3 0
-1.1 1.6 0
-1.9 1.6 0
-2.4 1.6 0
-2.6 1.8 0
-2.4 2 0
-2.7 2.3 0
-2.6 2.5 0
-1.7 2.3 0
-1.6 2.5 0
-1.7 2.7 0
-2.6 3 0
-2.5 3.3 0
-2.1 3.2 0
-2 3.3 0
-2.2 3.6 0
-1.9 3.8 0
-1.4 3.4 0
-1.1 3.7 0
-0.95 3.7 0
-1 2.9 0
-0.9 2.7 0
-0.5 3.3 0
-0.3 3.5 0
-0.1 3.4 0
-0.15 3.2 0
0.05 3.1 0
0.2 3.15 0
0.35 3.1 0
0.15 2.9 0
-0.1 2.7 0
-0.2 2.5 0
-0.25 2.2 0
0.25 2.5 0
0.45 2.5 0
0.5 2.3 0
0.1 2 0
0.2 1.7 0
0.8 2 0
1.1 1.9 0
1.1 1.5 0
0.1 1.2 0
-0.5 1 0
0.4346955252506018 0.03282412964524153 0
0.3695383785959497 0.06593972308524249 0
0.3045445723287827 0.09937472503906597 0
0.2397331372255336 0.1331618434859049 0
0.1751269656030603 0.1673397671951632 0
0.1107539782237325 0.2019548140126035 0
0.04664877919433019 0.2370632116142707 0
-0.01714492982688863 0.2727343341451207 0
-0.08057024717073689 0.3090551651768775 0
-0.1435527505167238 0.3461382500718084 0
-0.2059896947761823 0.3841322183566352 0
-0.2677340401737131 0.4232408359960051 0
-0.3285634414859417 0.4637563416025889 0
-0.388115531569722 0.5061237391681519 0
-0.445732475015556 0.5510794514790419 0
0.4406737127947589 0.1256372339552688 0
0.3815123031132044 0.151652637399506 0
0.3225342392835305 0.1780810011102162 0
0.2637614726949389 0.2049627459661279 0
0.2052203931496475 0.2323452748088071 0
0.1469431393191897 0.2602847684174735 0
0.0889694360998954 0.2888486161386573 0
0.03134923622445654 0.3181187753612218 0
-0.02585335900890259 0.3481965219546553 0
-0.08255414530346024 0.3792093901546617 0
-0.1386392371386594 0.4113215611295378 0
-0.1939491047223878 0.4447501065320386 0
-0.2482502064024509 0.4797914685118749 0
-0.3011807350824779 0.5168669084876544 0
-0.3521365569491958 0.55660508443444 0
0.5 0.09374999998754507 0
0.5 0.08749999997184939 0
0.5 0.08124999995136575 0
0.5 0.07499999993088212 0
0.5 0.06874999991360264 0
0.5 0.06249999989632317 0
0.5 0.05624999987904369 0
0.5 0.04999999986176423 0
0.5 0.0437499998776617 0
0.5 0.0374999998851659 0
0.5 0.03124999991201616 0
0.5 0.02499999993505617 0
0.5 0.01874999995268586 0
0.5 0.0124999999775999 0
0.5 0.006249999982676863 0
-0.5968305773438047 0.665383835997718 0
-0.6907603941896789 0.7350845809588116 0
-0.7985943232185573 0.7798812144678435 0
-0.9135300428427314 0.8016691438233895 0
-1.030375787157361 0.8088442667719851 0
-1.147471379019712 0.8093142055386169 0
-1.264544122597981 0.8067223555292909 0
-1.381576211263898 0.8026564897332045 0
-1.49863566500868 0.7981023194217209 0
-1.615707759545385 0.7938914039289442 0
-1.732817949386365 0.7909637976340821 0
-1.849960716094107 0.790755080333619 0
-1.96688267298542 0.7963310361714375 0
-2.082488843659758 0.8144404419024529 0
-2.194444543439737 0.8481088554114345 0
-2.297958883577693 0.9021886493478406 0
-2.38456957511369 0.9804927487584664 0
-2.409392241988717 1.08736780460021 0
-2.334994038873916 1.176223062197242 0
-2.233061720037227 1.233319876871249 0
-2.12136610752225 1.267972446979448 0
-2.006162055513802 1.288580671420135 0
-1.88979289972324 1.300763990004686 0
-1.772818129160633 1.302144658359977 0
-1.655791774912255 1.297474047030012 0
-1.538847233993795 1.291010271884307 0
-1.421885355727165 1.284876731901106 0
-1.304825020527442 1.28120695431915 0
-1.187832998750122 1.284086444360338 0
-1.07514020737774 1.311893825635312 0
-1.006411332554202 1.403132628234071 0
-1.013807765036327 1.517748702191681 0
-1.09497065496244 1.598017298654416 0
-1.209737687425008 1.61893288377721 0
-1.326820724514979 1.622208178427444 0
-1.443943660948262 1.619690454263132 0
-1.560901379048839 1.614516441110998 0
-1.677810818046743 1.608327579382542 0
-1.794762202173335 1.602611476417322 0
-1.911804368027421 1.599967346588875 0
-2.028800597436328 1.596569096808633 0
-2.145659973302807 1.5898210447235 0
-2.262608262713721 1.585193197598068 0
-2.379048715465873 1.594822257611927 0
-2.486456738419074 1.63976259433086 0
-2.570393241206218 1.720376545453816 0
-2.587880825399039 1.827894082698232 0
-2.492167304093465 1.894700686096395 0
-2.404036384269103 1.969722281130288 0
-2.448616705953053 2.069727324779388 0
-2.538027148260312 2.145486605448162 0
-2.629309761376085 2.21904408726493 0
-2.703122603211346 2.307915116885606 0
-2.726556179846301 2.421343576119693 0
-2.6483183255201 2.495904854665671 0
-2.531871450057088 2.49332455053356 0
-2.417134899882304 2.469843932887913 0
-2.303516838983296 2.44135172512067 0
-2.190377677265209 2.411003074701209 0
-2.077350276911005 2.380239323548712 0
-1.964146912965897 2.350249367858785 0
-1.850326140094155 2.322714589116669 0
-1.735146526813802 2.302181071949019 0
-1.621034894118679 2.317013755246279 0
-1.589406989853261 2.422492855870703 0
-1.594386126795018 2.538458635472029 0
-1.61712225656017 2.64598761333383 0
-1.716308099135825 2.70766080773798 0
-1.826099437513818 2.747701841058864 0
-1.938073591228802 2.781325493337732 0
-2.050655061079085 2.812870439958649 0
-2.163355931144712 2.843987781252118 0
-2.276150774091155 2.87594141916073 0
-2.388310624586169 2.910046743095413 0
-2.498877934545161 2.94894795743487 0
-2.602902203325024 3.0022219651155 0
-2.652943827197619 3.102743811037707 0
-2.609158145646183 3.209390064897905 0
-2.523560422053013 3.288088821960378 0
-2.410725953413646 3.297676486930298 0
-2.299368897843435 3.262267400859661 0
-2.189738318928557 3.22162509081722 0
-2.075863876029429 3.201058783286227 0
-1.995840343055459 3.2683097771299 0
-2.046861847801424 3.370597512533323 0
-2.125117025605518 3.458113594063229 0
-2.192242173455105 3.553729609310572 0
-2.170681367193894 3.662836136268805 0
-2.089789510956048 3.746787835641279 0
-1.985782705775919 3.798821891723605 0
-1.871639421833172 3.789093789935999 0
-1.777630900861623 3.719762850482133 0
-1.693573073316049 3.63824797396279 0
-1.611530220598676 3.554681903864645 0
-1.526551553041117 3.474140718607281 0
-1.430133854117562 3.408480175479889 0
-1.319677385856754 3.42346819138548 0
-1.239846111692602 3.508427024885757 0
-1.17522257744446 3.606050407693524 0
-1.103217269751437 3.697731366120562 0
-1.008454703034227 3.766357983460629 0
-0.9491668839549176 3.692215561589908 0
-0.9499393923747913 3.575203852386235 0
-0.9584151695198345 3.458413591843794 0
-0.9690789406600503 3.341681217764535 0
-0.9802726376163126 3.224997974853394 0
-0.9908087521578692 3.108254149623229 0
-0.9989056887544466 2.991320787341009 0
-0.9986727025816757 2.874242107302841 0
-0.9886366157468061 2.757597574980166 0
-0.925316053270427 2.683716519576489 0
-0.8432622003489341 2.765220906804038 0
-0.7772831130813002 2.862030171254645 0
-0.7148031764744502 2.961151602967766 0
-0.6535082911083 3.061012339956708 0
-0.5920849401671202 3.160793874813876 0
-0.5287974327875627 3.259224810173519 0
-0.4598057581147227 3.35368755952383 0
-0.3864662397794176 3.444853336951917 0
-0.287264918202649 3.502151876352405 0
-0.1761466069516777 3.470380759796808 0
-0.09641660750167362 3.388222364023257 0
-0.1353088154780717 3.279055961543163 0
-0.1282322452005021 3.173754099131171 0
-0.02556783023190777 3.119684935596249 0
0.08798622434829369 3.103332453866534 0
0.1947652061290389 3.149789842505106 0
0.3108425692802494 3.13698093691124 0
0.3184395920775063 3.052266484701489 0
0.2333045931697126 2.972197190736229 0
0.1449541252378494 2.895568364800543 0
0.05231555622246067 2.824273512397506 0
-0.04164296886564724 2.754256573633979 0
-0.1235927791653093 2.670974261906836 0
-0.178285792492621 2.567665940584261 0
-0.214896325419808 2.456260996593647 0
-0.2541083016228428 2.345958936924275 0
-0.2771590234805095 2.231779291156523 0
-0.1847968316298045 2.224040626030576 0
-0.08485833830155309 2.284840907120139 0
0.01220390721765831 2.35023771231582 0
0.109009977066761 2.416015268587076 0
0.2081790507991 2.478599262868303 0
0.3160850649415909 2.52363341778562 0
0.4290482011960525 2.514908019703394 0
0.5073516060756041 2.43001757457432 0
0.510424372119954 2.317403808251424 0
0.427195808818195 2.236929525721593 0
0.3277637663013442 2.174792059786949 0
0.2278219191223941 2.113459248962922 0
0.1342486649353532 2.04316960003179 0
0.08161644719798222 1.941171480633961 0
0.08453597571695411 1.82473530439149 0
0.1384034651305331 1.722928471565719 0
0.248798303768739 1.710010392085639 0
0.3548649687872729 1.759684057481705 0
0.4560367400824733 1.818461001655198 0
0.5561106802726153 1.879103586850918 0
0.6572684014030519 1.937905961858027 0
0.7626626103164801 1.988525132009727 0
0.8773077492052755 2.010233526922413 0
0.9921532476453202 1.991948707661941 0
1.08458788008864 1.922557738030521 0
1.14326146260156 1.821403233279631 0
1.181525597966758 1.711065096569579 0
1.175814258727882 1.595452350535316 0
1.105553309449669 1.503995019372514 0
1.002519613752171 1.44887926968286 0
0.8925484905594958 1.408733474820828 0
0.7803776588685635 1.375133194656186 0
0.6672306479129784 1.344960531331448 0
0.553619847750298 1.316576723430808 0
0.4398394165530242 1.288878561072799 0
0.3261195825433341 1.260933381709469 0
0.2127125007349464 1.231749122351587 0
0.04856322544753743 1.182015743957351 0
-0.00227413296918072 1.16240267841573 0
-0.05236177168014787 1.140949341611519 0
-0.1015002160399312 1.117405778840157 0
-0.1494213932400745 1.09147785840046 0
-0.1957612589264992 1.062824150721197 0
-0.2400226295340358 1.031060342754823 0
-0.2815291115760798 0.9957811200922984 0
-0.319380140798977 0.9566164255349338 0
-0.3524384927712523 0.9133422484029883 0
-0.379412318058475 0.8660474618996217 0
-0.3990962700815698 0.8152919288277658 0
-0.4107328523690212 0.7621120992745781 0
-0.4142782933370811 0.7077832391304487 0
-0.4103624544355443 0.6534697024246563 0
-0.1728231209589595 1.132575910811558 -0
-0.3121377497718705 1.030925725714068 -0
-0.02518378168072513 1.208487498208283 -0
-0.9058137439304315 1.509224713375646 -0
-1.197285646656112 1.708850042934021 -0
-1.496771827590744 2.320529584408809 -0
0.03811753830875009 1.701437458088215 0
-0.3909859200481131 0.9399462300360986 -0
-0.3674726371864721 2.261114362140559 -0
-0.3855866309823159 2.153623057854829 -0
-0.4737697137140756 2.279785236389562 -0
-0.4729405792887079 2.159986459881264 -0
-0.5441701161963572 2.237242399336132 -0
-0.5541323755517099 2.165701986571448 -0
-0.6303727589693984 2.181742637598766 -0
-0.4874080826109968 2.053504842913108 -0
-0.5719651931420241 2.067417949990111 -0
-0.5057616117993594 1.9474212516483 -0
-1.606785661773769 2.770448336229017 -0
-1.000846024882173 2.635155941918698 -0
-1.430055557023969 1.709109104929249 -0
-0.9576639728218146 2.590190425314956 -0
-1.939040994946685 2.233489076412207 -0
-0.5930175821963871 1.965252165148017 -0
-0.5479996232165785 2.345908367684392 -0
-1.511894557129589 3.338802012959079 -0
-1.455522096114054 3.283788020394001 -0
-1.613018456235935 2.222722114133152 -0
-1.047989014865909 2.563842638036741 -0
-0.9756692352448894 2.526587964258533 -0
-1.120289193825284 2.612699264623209 -0
-1.097107826549607 2.952580837675013 -0
0.07237311103608501 1.632957380801999 0
-0.04099385790810262 1.658419934974183 -0
-0.6533642558000686 2.842410817272805 -0
-0.4159610122120447 1.942193626963842 -0
-0.4323592005029654 1.833712058797424 -0
-0.5248595261462261 1.843707930834972 -0
-0.4538974120401658 1.727706450762184 -0
-1.569765484450392 3.267735579777098 -0
-0.9092295958280975 1.578948903201237 -0
-1.877758565749159 1.708877355878035 -0
0.09392673055832376 1.268744141789348 0
-1.08453003572659 2.475699816992224 -0
-1.006828717777632 2.43272741947656 -0
-2.110757083510145 1.686495676024668 -0
-0.5370890563940675 3.038986828718409 -0
-1.823690349599082 2.855454528015982 -0
-0.6810030251370061 1.987777166348953 -0
-1.123244003625999 2.382579917545593 -0
-1.046450939012096 2.331212572523417 -0
-1.168958190853242 2.292342427239233 -0
-1.092513253107626 2.229739934026671 -0
-1.223674166367535 2.211924511990918 -0
-0.5435272538779339 1.740480353780815 -0
-0.4741047993427638 1.629507342371355 -0
-1.653929391369228 1.707432979499286 -0
0.8790806073539673 1.513262224573832 0
-0.7058997961039953 0.8270377440370192 -0
-0.8797887362223465 2.514222269990813 -0
-1.481619851378507 3.196129723871223 -0
-0.1869631267060984 2.745993619789246 -0
-0.5582747895084549 1.639909209000092 -0
-0.4847022839099728 1.539964322277184 -0
-0.4169189481348901 1.53235978214351 -0
-0.4278559262761595 1.477924313176161 -0
-0.4747768573968145 1.460821162111373 -0
-0.4372138993745402 1.39467316937851 -0
-0.4908456229299133 1.344424546470298 -0
-0.391476968881488 1.443492205070102 -0
-0.5433294903406561 1.286302104073892 -0
-2.336990150639525 2.043036412683025 -0
-0.3046370861690678 2.56676074710642 -0
-0.6361727812237428 1.758237659502875 -0
-1.199727809548262 2.438545407897984 -0
-0.3182164576415291 1.828707684305842 -0
-1.529126947115058 2.708886627881 -0
0.6796083417130964 1.486813679414847 0
0.02559827562329812 1.551098942704029 0
-1.150441909541761 2.140639785787233 -0
-1.219844115314139 2.073615814301221 -0
-1.553674350761622 3.151713025483876 -0
-1.462939973454372 3.076893940958165 -0
-0.4826204997856964 1.227784354641402 -0
-0.5982233857235447 1.231573731922766 -0
-0.4324735997839081 1.282326417726313 -0
-0.07008248915301674 1.553284701978894 -0
-1.763942753179275 0.8932405726515097 -0
-1.049171916655125 1.219407501883055 -0
-0.9469706344001475 1.25454396054736 -0
-0.6115163808654495 1.342823278021154 -0
-0.4445652078709466 0.8315266028619788 -0
0.1461821041101622 1.54819947347884 0
-1.658900323226595 3.332265714358683 -0
-1.545091301526806 0.8997071880957351 -0
-0.2362422023811627 2.142003373885073 -0
-0.03845907891102739 1.453354864381489 -0
-1.980787069865769 0.90351649516678 -0
0.807920559954786 1.901042313156966 0
0.3841099188345001 1.679768560911542 0
-1.241767081742949 1.164433183810941 -0
-0.1083598763526693 1.607361348969299 -0
-1.077145875341002 3.158984113485552 -0
-1.898911999498253 3.333940372491928 -0
-1.977166540312944 3.14770035546471 -0
-0.5388195755920748 1.176450981561647 -0
-0.6002362891299297 1.129151259552098 -0
-2.307010259229047 1.969645567471284 -0
-2.210558744714498 1.990434383305988 -0
-0.1015751754299137 1.499393930879077 -0
-0.1416777619810862 2.131042528653933 -0
0.5422604922714334 1.770209816094917 0
-0.08820289522444989 1.388491944229308 -0
-0.6615324362513956 1.185344618325663 -0
0.4882025918544778 0.07868760893990882 0
0.4867656915708526 0.05797702827577177 0
-0.2084645886508594 2.058679550654634 -0
-1.906527259242198 3.672580784219757 -0
-0.4028457810747085 3.239402839626774 -0
-1.67210532066461 1.193744091484316 -0
-1.166721681365332 2.014857966424018 -0
-1.058014192825623 2.027246247749081 -0
-0.1452471771534514 1.433256199495459 -0
-1.29859136124882 2.019883174784962 -0
-1.356676453610278 2.096797217544409 -0
0.005763655162188666 1.913495296586855 0
-1.138733474848271 0.9090593256255319 -0
-1.895232422237651 1.193471180068397 -0
-0.6659714996631649 1.086195426350792 -0
-0.6067793618610953 1.028283391562882 -0
-0.8194996775264163 1.5263451194043 -0
-1.443123126980911 1.185433796685383 -0
-0.1213187560955725 3.062351403871493 -0
-1.557335008321157 3.076782153888257 -0
-1.648021019344253 3.105066414941179 -0
-1.453586324291602 2.970150608789432 -0
-1.329418477329216 0.9004266036490819 -0
-2.185129700895069 0.9480134504210921 -0
0.01952311108821253 1.39710834835797 0
-0.8478244014587896 1.292824742062343 -0
-2.356797015249497 2.1506628416745 -0
-1.390882411791503 1.973141302836636 -0
-2.070501656928632 3.131986616265868 -0
-2.107367976464051 2.011698738561734 -0
-2.065777377484836 1.908326300540035 -0
-1.364236179972572 2.975884720077764 -0
-1.366952434308191 2.901862369880046 -0
-0.1305175518741709 1.330220968152868 -0
-0.1863011574655634 1.367942980946916 -0
-0.2037614559005071 1.481394334224897 -0
-1.44445530585673 2.06168639510235 -0
-1.294924448856695 2.273552696671501 -0
1.044414890674058 1.735389323276723 0
0.4892992198591298 1.398507495761346 0
-1.501800872228254 1.915336099392943 -0
-0.1648089056890591 1.262129178503953 -0
-0.8525285066465664 1.609573288126828 -0
-1.366999427311402 3.195868732012966 -0
-0.1849685994618762 3.136514313283835 -0
-2.29221143841717 1.670181750163626 -0
-1.7158088384245 3.524400456722149 -0
-2.379820695382911 3.179241176232385 -0
-0.2255543875016622 1.302166318531945 -0
-2.186580342907093 2.281930386565862 -0
-1.184615953354931 3.430957826252299 -0
-0.1977066685287543 3.013272795181202 -0
-1.996334538852344 2.018472570788632 -0
0.2839402426943872 1.341677462521712 0
-0.7075247722683408 1.886434561638475 -0
-0.769426832206309 2.009915459924583 -0
-0.7983048431157923 1.912553333113928 -0
-1.968479545813198 1.915669055344372 -0
-1.885198499718834 2.015623767793033 -0
-0.8978436569945469 1.681244403903388 -0
-1.864275867449479 1.912770097363798 -0
-1.775468976161541 2.013101216447884 -0
-1.676944131458876 3.010430694946642 -0
-1.773506377468181 3.061574864390845 -0
-1.737797381633595 3.15328769846892 -0
-0.7415802077729975 2.107830912135567 -0
-1.928581772301556 3.029070671585388 -0
-1.07797226604781 1.927213452196032 -0
-2.446153737659461 2.216083295314601 -0
-1.506733707110676 2.437861767197433 -0
-1.391444795533116 2.154299810655237 -0
-1.027093913455155 1.11170629918552 -0
-0.8813144482244299 1.109135971975002 -0
-0.8586211247549067 2.026475529807621 -0
-0.3141924785624892 2.050380809821481 -0
-0.8180029674023888 2.639361068771449 -0
-2.269884601563761 2.972084861799065 -0
-0.2731165030926729 3.083106319726797 -0
-0.285851965996247 2.946066602283272 -0
-1.549869896471709 2.032958626760323 -0
-1.640355653334254 1.912294791592765 -0
-0.09636982820014386 2.04902156750138 -0
-0.04189395532249133 2.121629661797841 -0
-0.1559831630245326 1.975903853064529 -0
0.3451642695831244 2.308054315630578 0
-0.972607770159803 1.935364473146321 -0
-0.8292333348401794 2.127068897230059 -0
0.09254619341479518 2.269234589644452 0
-0.604551605153979 0.7896199560379659 -0
-2.121368711861512 1.144686465799481 -0
-1.912067680864611 3.240368854739863 -0
-1.795748425010235 3.291962502684935 -0
-0.01934362886238094 3.018890793363168 -0
-1.968042057296781 3.466528918450317 -0
-0.938512860964916 1.010676300886592 -0
-0.8042596813742997 0.9981769490301076 -0
-1.41726435885445 2.368935349774155 -0
-1.400522993062181 2.463903010306906 -0
-0.7385401042441144 1.548412560272119 -0
-0.7234703489568313 1.479047515121659 -0
-1.340373283532777 1.889084883500716 -0
-0.9716188393362887 1.844524933243737 -0
0.4964992003316417 0.02484404575082226 0
-0.2558327488131334 2.676691067936014 -0
-0.3183616352122576 3.377544722063405 -0
-1.803036364192267 2.116989244487175 -0
0.4931977031743522 0.04152894248868238 0
-2.057347248652184 3.03038539426703 -0
-2.354442135208812 2.278710891757735 -0
-0.7283095640075676 1.138999927000211 -0
-0.7184657226611896 1.24622946109778 -0
-2.367995257844052 1.845121006201032 -0
-0.4737165171938294 0.6869804905727083 -0
-0.2834998892487586 1.345669661320002 -0
-1.452879250903281 2.542213642703485 -0
-1.350004781117432 2.55311773422408 -0
-0.2072485180695531 1.220391479384641 -0
-0.2651869371195258 1.224440447735447 -0
-0.1443519559427827 1.203933980093153 -0
-0.6710973532410733 0.9849158151987704 -0
-1.277939658835768 2.959268337263721 -0
-1.307555550925802 2.865202284523318 -0
-1.244559833430157 3.076938437253174 -0
-1.3671735275462 2.768647767973965 -0
-2.458060791371635 3.041364087039826 -0
-1.132057306913083 1.103210046888162 -0
-1.527310845981841 1.804168234855285 -0
-2.025149722079426 2.126722083513386 -0
-2.269858579772145 2.214591916507707 -0
-2.166183215448256 3.044860168151285 -0
-2.264743843887384 1.868409413851087 -0
-1.864368085408228 3.428241317065004 -0
-0.6234723928249283 0.939949718850207 -0
-0.5508425915807029 0.953764994057434 -0
-1.50991332655074 2.831558843491231 -0
-1.903473732187147 3.561507030099778 -0
-1.136967206860429 3.495510346296204 -0
-2.529101813331547 2.289287508095436 -0
-1.715911988182685 2.810845558337733 -0
0.1818197042132345 1.307291467946009 0
0.06404273849469176 1.333572082533638 0
0.001148116925594527 1.291055627170892 0
0.1437079196712714 1.381804530111827 0
0.2485456572503646 1.456059594499304 0
-1.317850899530136 2.408763585359176 -0
-0.6962246248758632 2.7422950769815 -0
-0.5797698608055262 2.723241360627177 -0
-0.721049284178691 2.642034311526562 -0
-0.6150895602067707 2.624435248609304 -0
-0.5344492790072772 2.816934997846176 -0
-0.4717619716952519 2.696441102471948 -0
-0.5068229990129114 2.601002301974715 -0
-0.5407213976863263 2.483197245465791 -0
-0.4259792651679373 2.782466810787988 -0
-0.3758882321101477 2.662917084466982 -0
-0.8377100707781955 1.718817854666387 -0
0.9339109630673988 1.893666768163837 0
-1.090952461439893 2.84318526969712 -0
-2.039275785178579 1.837192371448747 -0
-0.4209934860086828 2.485046861046298 -0
0.2651306384768681 1.619715437360766 0
-0.1104832802608034 2.819628610073316 -0
-2.303370908375076 1.071444554462695 -0
-0.4743260770753162 2.909688450670993 -0
-0.3447759257694463 2.367286576652574 -0
-0.559151293227849 0.869745962940156 -0
-1.317217014718331 1.710129184645106 -0
-1.534955290004965 2.234451419944496 -0
-1.199682582238413 1.811619392843436 -0
-0.3237391192248821 1.951372108434926 -0
-0.2229069696881029 1.904210291597369 -0
-0.23469585436247 1.74763236605138 -0
-0.1652084912441656 1.824109242946552 -0
-0.6546794484664616 2.524256225217952 -0
-0.748651223387012 2.550610831705918 -0
-0.703062484454533 2.428812852658143 -0
-0.7911205331254347 2.461781303610706 -0
-0.7519612200436703 2.331777179655923 -0
-0.83777542332876 2.362777539087342 -0
-0.6695477205267334 2.300495554867736 -0
-0.9191565124620878 2.145532229819136 -0
-0.3532524967484945 0.9882812468250657 -0
-0.3904881325868025 1.026769242650307 -0
-0.3445151944659064 1.073265422222241 -0
-0.4334595093474363 1.072004878317333 -0
-0.382963384223118 1.121222262440777 -0
-0.2964361743776966 1.116466916295164 -0
-0.4881484032782732 1.019552782088502 -0
-0.2689571161614298 2.810942354508919 -0
0.376499583146807 2.416452912505157 0
0.3581238999632945 1.431363948308182 0
0.4224754102098437 1.473121416431115 0
0.5140628640078352 1.523769855419422 0
-2.414195349520472 1.714748248215033 -0
-0.3841226185778971 1.337582269931293 -0
-0.4216322392301787 0.8879563794260793 -0
-1.756158818306927 1.911059495181821 -0
-1.860319782831539 3.118678575934258 -0
-1.805295243496064 2.962752510920958 -0
0.4422899050551792 1.603591133123078 0
0.6088790862655865 1.578817110718736 0
-1.75860840318997 3.387847725380271 -0
-2.163224313644848 1.88880007405748 -0
0.4783188850849407 0.03363760641868368 0
-0.9015458885555754 1.864961830545337 -0
0.01783068313242048 2.043087182590282 0
-0.1121643841979778 1.261905580303971 -0
0.09423692199471226 1.451875205020482 0
-0.5490447858062664 0.7327546072089557 -0
-1.097186121413108 3.352304876644409 -0
-1.176735031683588 3.297675829297021 -0
-0.4621246299255367 0.7710457351426389 -0
-0.331872612380997 3.158058230181125 -0
-0.4040127025175789 3.110376241497741 -0
-0.3580870321027845 1.504339589361134 -0
-0.3270458774308832 1.579025604945757 -0
-1.111832109824624 3.04742209774097 -0
-0.1668987855151192 1.676628598443391 -0
-0.09872950378820618 1.742581507714846 -0
-0.2205476018550944 1.605662372937051 -0
-1.693705207823682 2.118446058962029 -0
-0.7741668584183172 1.423161420140994 -0
-0.6833721101036204 1.383847693918285 -0
-0.6612660294478767 1.460422895585957 -0
-1.361768685630488 1.186585458884326 -0
-1.440801073459092 1.067293422800055 -0
-1.568086243483114 1.087157945891291 -0
-1.326541685304035 1.117493097393122 -0
-0.3966155010512923 1.611984324100145 -0
-0.3659020440629845 1.705416989233458 -0
1.075177472531702 1.629648977177687 0
0.9461573791639273 1.663841043947982 0
-0.123782464322513 1.158906036858183 -0
-0.4366533037619436 0.9751264003326781 -0
-0.3280212994789375 1.283475030833825 -0
-1.936184208609959 2.893813408212198 -0
-0.7936040650515539 2.229980522801027 -0
-1.418322348330638 2.255029591427782 -0
-0.7333611997030717 1.781927407274366 -0
-1.986398578686004 1.727909072116935 -0
-1.249792985318657 0.9052309937672515 -0
-1.702677638749046 2.91342779109665 -0
-2.047421606841667 2.23567148406077 -0
-0.3011141381277446 1.460396199088275 -0
-1.615388122400704 3.19110447403693 -0
-1.701777998609429 3.242059546824488 -0
-1.599768929218874 3.413522577000293 -0
-0.5938103998789234 2.939324962233952 -0
-1.132914951794847 1.009035760313208 -0
0.4530974736640521 0.09619735316636642 0
-0.7648167393481494 1.663239982656508 -0
0.08466075014785782 2.117168429734865 0
-1.542797985358515 1.708625327941899 -0
-0.08362777620593541 1.295257987596619 -0
-0.6505131581963927 1.652008421170836 -0
-1.862244109120963 1.812850651097979 -0
-0.2874115646491064 1.661408822020518 -0
-0.6534443345848786 1.55036979746873 -0
-1.451698528170565 0.9236393406478229 -0
-0.9655921736493053 2.289521935191163 -0
-1.628578848759343 2.879713326870121 -0
-1.912831122877513 2.12252646327698 -0
-1.966583261074416 1.823854161063247 -0
-0.4300438215333997 1.173491576702987 -0
-2.161111351688347 2.135596903127194 -0
0.2555022177874375 2.252020448996677 0
-1.55491468951127 1.188097581543751 -0
-1.679860100063349 1.092341036977853 -0
-1.789349263900565 1.093869940404039 -0
-1.673627037570564 0.9933066115993028 -0
-1.781368509016474 0.9937076275199546 -0
-0.2799745429112224 3.299411612286678 -0
-0.4009322597035074 2.04941056671184 -0
-0.9234458857411627 2.39756939278181 -0
-2.465154243604677 3.166163152235267 -0
-1.362758735438659 3.08203156102015 -0
-0.7753648715492383 0.8607345641702095 -0
-0.6154101383105268 1.862907289204945 -0
-0.1928602477764361 2.882810982763599 -0
-1.417420400300918 1.864195249222232 -0
-0.1602563862513134 1.548641078060323 -0
-0.2675971921716013 1.069973907014497 -0
-1.286050160973842 2.146223008511663 -0
0.6124197992494702 1.804685158467599 0
0.6579741114187418 1.722031038644077 0
0.7600720745517088 1.772190893464769 0
-0.6191278935153884 2.389284256015572 -0
-0.2204882301987556 1.103884347735525 -0
-1.64988721215327 0.8945890985578452 -0
-0.4382836426438508 2.388331300158727 -0
-1.16013320351204 2.526099009216818 -0
-1.193825141640191 2.66269453974344 -0
-1.158940042323972 2.728054985751049 -0
-1.268633166882629 2.716566785295033 -0
-1.367015431182793 2.673493774261434 -0
-0.6563415603842143 2.086594074050586 -0
-1.049773186213274 3.580125577479293 -0
0.01661687641047654 2.196321733677252 0
0.02871634194774488 1.237071740511836 0
0.1833713952097774 2.331656915402934 0
-0.7090937570378226 2.204996223267403 -0
-0.3785602566971383 1.226624492828594 -0
-2.440424659408599 2.351126874221364 -0
0.06566876219557019 2.961132981897082 0
-0.07470850809012833 1.183668499116022 -0
-1.768245024951804 1.706514781342004 -0
-1.263208322772237 3.205413066166425 -0
-1.784260356406408 3.602405483673691 -0
-2.280450676497233 3.161961035628799 -0
-1.827806666011948 2.221683891511686 -0
0.8062799687979539 1.485269606437373 0
-0.8832512222709966 1.931914299862225 -0
-2.226702392505833 1.769719040279231 -0
0.8064900055380506 1.689499665246591 0
-0.7417171544562485 1.048708883315409 -0
-0.8796177306067094 2.256785395892027 -0
-1.263843411176242 3.333703088919272 -0
0.4833211531988296 0.0915024701087348 0
-1.024591632363815 0.9103894644564158 -0
-0.2391746189613873 3.215639117690998 -0
-0.7919782808567609 1.201740845077904 -0
-1.276045359976272 2.494336222973291 -0
-1.586708312143295 2.132644471964507 -0
-0.244283723605212 1.152879412319408 -0
-1.008409579638669 2.177773908276597 -0
-0.2630619287410208 1.53159053600513 -0
-1.783055425763321 1.195944797501094 -0
-1.566657362511219 0.9933256405896762 -0
-0.5071195083559903 2.400793809207004 -0
-1.871976765686367 0.8953725310056498 -0
-2.369596085731231 3.001618245607774 -0
-1.056724576981248 1.698886058650552 -0
-1.64091597988299 1.808489509878079 -0
-2.26780973296738 2.340208822214702 -0
0.5886739224121608 1.437329624561382 0
-0.6584764919295361 1.288234853593489 -0
-1.189837725549845 2.941800073369615 -0
-2.002186416865826 1.181655710420167 -0
-1.993497800159013 1.088841051135136 -0
0.4547092692718068 1.72158919588591 0
-0.03994107614941481 1.971678176425536 -0
-0.4740758294197773 0.9164222310333937 -0
-0.8847889120986151 1.405565940146153 -0
-1.023786636708846 1.010185868221678 -0
-0.3950372619303991 3.01981505403379 -0
-1.489709394340669 0.9915635867384661 -0
-1.663563895378942 2.018207816541021 -0
-1.214809453646077 1.933909726325723 -0
-1.244844066108531 2.353148289346317 -0
-0.2024712959145835 3.343811381297418 -0
0.2766645782384757 2.384524219074865 0
-0.1093447968186175 2.951000488491641 -0
-2.17571575025603 3.139671514283094 -0
-0.9514288701544308 2.035869737826183 -0
-0.09727941713897595 1.898689230264679 -0
-0.5650136568785625 1.542414269507969 -0
-2.163244427313153 2.945413984252025 -0
-0.4038548011029701 2.57766069127148 -0
-0.2435951876928493 1.413479138979312 -0
-0.2557807678744935 1.964999576816348 -0
0.8487333367790325 1.604632174099997 0
0.9043839256676164 1.751139133368786 0
-1.893095374806864 1.092859716394198 -0
-1.143597462549281 3.130425740379241 -0
-0.4413867497735383 0.6317597962443436 -0
-2.083663682837401 0.9212582708499899 -0
-2.077555384619444 1.015240542231656 -0
-1.366919719554398 0.9700556509931337 -0
0.7619134485910362 1.547241364411719 0
-1.179355469655847 3.018513275890915 -0
-0.5438240441629879 1.073438356667393 -0
-2.168834787094799 1.041135169902012 -0
0.2189004950896976 3.075306268606819 0
0.7101053221314986 1.853981182708339 0
-0.4818887677143666 3.133530850038314 -0
-1.206854046704998 1.099672004552138 -0
-1.365302329740788 2.329025241052067 -0
-0.02540765428954676 2.889391479002298 -0
-1.077523222237903 3.232576265751892 -0
-1.073015799755038 2.716607482538502 -0
-1.525761655020138 2.635066296430008 -0
-0.4979324721901994 0.8541954633293168 -0
-2.042542222228518 3.56975542591771 -0
-1.475278667927371 2.169309481978597 -0
-2.595230747481253 2.374632968057262 -0
-2.051302685732764 2.921680675008401 -0
-0.9436702319577037 1.757820476218725 -0
-2.023074339275588 3.671463329930534 -0
0.3504971884704332 1.540347954548144 0
0.1649402602741833 2.188085334051601 0
-1.152267826842812 1.195439831428617 -0
-2.270173794939196 3.066619913521077 -0
-0.8121924662291065 2.569531283530047 -0
-1.885440864196356 0.9952052886102489 -0
-0.3320348194625581 1.171147713100289 -0
-1.825288451476525 3.2013691699867 -0
-1.25621671290502 1.022800466863369 -0
0.4131696140159945 0.09027836468327997 0
-0.7011074229489008 1.331561795158638 -0
-0.7590109796472344 1.321278132313502 -0
-0.05024306135591929 1.255265326243054 -0
-2.364266010302819 3.086807751584461 -0
-0.7292620292601775 0.9310449945616124 -0
0.1463329674482306 1.62950187830713 0
-0.2992830617080489 2.145801593213458 -0
-2.326665040692192 1.751497200661503 -0
-1.31757395939488 1.80210287801817 -0
-0.3949787530827168 3.327496373088211 -0
-0.19298801647167 1.180393301631217 -0
0.8534831060494252 1.827785885722293 0
-1.566722789770056 2.951264202643474 -0
-1.07829088617524 1.82443006780263 -0
-0.3318469878726734 2.736194173760686 -0
0.4478050202278459 0.06245229381451469 0
-1.425514992748703 2.872535226291059 -0
-0.01120940058445487 1.818485578782909 -0
-2.525575889763874 2.410481335913063 -0
-1.03744386760461 3.654114604333724 -0
0.1534149242690756 1.487397774951486 0
-2.362475485665271 1.660561975869601 -0
-0.3640756779569849 2.864217619044393 -0
-0.5176764634147798 0.7940768983885902 -0
-2.216625325789961 1.154076114853578 -0
0.9756025138098708 1.563614312366533 0
-0.3403748867904857 1.39668864302543 -0
0.9925622275141941 1.825566054937571 0
-0.3088104630006651 2.633478256566489 -0
-1.383680769091474 3.30107017698953 -0
-0.09672689724284661 1.227645003019462 -0
-0.5952548546056263 2.26543271825022 -0
-0.5608113128610185 1.429836471602792 -0
-0.03804054822683903 1.342710015078009 -0
-1.830780375711025 3.498818025948107 -0
-0.8917319113134874 0.9201549874583838 -0
-2.189636792402061 1.678235850169821 -0
-2.129230440882319 2.22557755117948 -0
-1.46683187141032 2.73511838638274 -0
-0.5609786929077278 0.8185367276557535 -0
-0.08944279417240364 2.172590549698501 -0
0.7070998516119715 1.634315455796121 0
-2.531868472395655 3.106900292493584 -0
-1.063566056830641 3.476831418076257 -0
0.4687493087764618 0.0742898387259246 0
0.4740500821130628 0.05089624979724191 0
-0.7742829023649161 1.097655769294096 -0
-0.9630503148940456 1.619057706563772 -0
0.4086601421754222 2.348494186155693 0
-0.645798785757158 0.8715072542844359 -0
-0.8997866763074682 2.612699750190096 -0
-2.428909668308502 3.098017754588558 -0
-0.4856977113730816 1.123455354218973 -0
-1.7554979376626 1.809378368897264 -0
-1.234901900398969 2.579291126116994 -0
-2.331728388223647 2.380337725825009 -0
-1.309200206513967 2.633024257062229 -0
-2.062169362494955 1.080518612918472 -0
0.5386716178835194 1.683314826984119 0
-1.429952719381086 2.626010186035052 -0
-1.823783192729954 3.664467734384949 -0
0.21615846746298 1.544762976721238 0
-2.25876398404831 0.9684644537741339 -0
-1.983957689378594 0.9997263033515618 -0
-2.046052368123757 3.497830139645922 -0
-1.423290156561437 1.798231643326733 -0
-1.717347765178781 2.217326718061445 -0
-1.350188606379009 2.20497180829059 -0
-1.916425672136362 3.167909577654873 -0
0.873720732784548 1.93493891439943 0
-1.167462136201569 3.220960854469895 -0
-1.203111146675128 2.815914140095612 -0
-0.8436042446991817 1.805966940047129 -0
0.1544404789803374 3.028702982606271 0
-0.320028964484928 2.469730898517424 -0
-1.516289817412499 2.538616615260506 -0
-2.460502014295355 1.796106280877239 -0
-2.103836903100571 1.778986801623482 -0
-2.276350931794517 2.095024863252115 -0
0.3903361805755147 1.368621962650897 0
